# Created by Octave 3.2.4, Sat Jun 09 19:07:46 2012 Pacific Daylight Time <unknown@unknown>
# name: v
# type: matrix
# rows: 2
# columns: 5
 0.7086172633996061 0.4139592620367349 0.02108683379268377 0.08013535410303389 0.222052006072568
 0.2383963835325837 0.8542232060954232 0.9246149482235623 0.509012171745684 0.9039133850476028
# name: w
# type: matrix
# rows: 5
# columns: 4
 0.8261355584579076 0.9014475299820098 0.3990540040345917 0.02392273704396635
 0.6648353401760101 0.1070306952442932 0.3766456930965699 0.5061117905146976
 0.9373781898978206 0.6354088957887799 0.915420023684927 0.5332642465866897
 0.09934306406103548 0.3704449338470543 0.5722174061417977 0.7343456891267672
 0.4834942929528578 0.7017982016392662 0.8678191600245685 0.4399022845595361
# name: I
# type: matrix
# rows: 1
# columns: 2
 0 -0.3
# name: H_input
# type: matrix
# rows: 1
# columns: 5
 -0.0715189150597751 -0.256266961828627 -0.2773844844670686 -0.1527036515237052 -0.2711740155142808
# name: H_output
# type: matrix
# rows: 1
# columns: 5
 0.4821278885065317 0.4362815920755061 0.4310951208339955 0.4618980979927264 0.4326188986711684
# name: O_input
# type: matrix
# rows: 1
# columns: 4
 1.347512718010301 1.229949166498425 1.391092853512936 0.9917316101968695
# name: O_output
# type: matrix
# rows: 1
# columns: 4
 0.8734649347274753 0.8425645802578461 0.8834110947848449 0.7580997190061648
# name: expected
# type: matrix
# rows: 1
# columns: 4
 1 0.10526 0.43372 0.23429
